  p t k b d g f th s sh v dh z zh ch _
p 1 0.22167 0.33613 0.08189 0.024684 0.03752 0.24951 0.093505 0.053576 0.033353 0.023533 0.029715 0.022006 0.020951 0.052358 0.036505
t 0.22167 1 0.26376 0.049419 0.05815 0.035843 0.10516 0.14493 0.090836 0.0812 0.024428 0.02863 0.029981 0.023224 0.16599 0.063439
k 0.33613 0.26376 1 0.074197 0.039761 0.078144 0.18411 0.11388 0.068613 0.085657 0.033856 0.024295 0.034622 0.02558 0.11964 0.078929
b 0.08189 0.049419 0.074197 1 0.16594 0.14755 0.15871 0.17768 0.051282 0.027319 0.28779 0.26007 0.068216 0.039695 0.023247 0.042064
d 0.024684 0.05815 0.039761 0.16594 1 0.14594 0.049613 0.082058 0.032915 0.028711 0.096154 0.2431 0.09439 0.066357 0.02482 0.16093
g 0.03752 0.035843 0.078144 0.14755 0.14594 1 0.049407 0.056167 0.027521 0.042964 0.10852 0.091885 0.089246 0.14281 0.023034 0.14166
f 0.24951 0.10516 0.18411 0.15871 0.049613 0.049407 1 0.56897 0.11916 0.045134 0.08365 0.073326 0.044112 0.024524 0.050305 0.031481
th 0.093505 0.14493 0.11388 0.17768 0.082058 0.056167 0.56897 1 0.17426 0.069906 0.10935 0.18678 0.081991 0.041067 0.045455 0.042986
s 0.053576 0.090836 0.068613 0.051282 0.032915 0.027521 0.11916 0.17426 1 0.08494 0.044767 0.046857 0.082572 0.020914 0.076329 0.029625
sh 0.033353 0.0812 0.085657 0.027319 0.028711 0.042964 0.045134 0.069906 0.08494 1 0.021881 0.028522 0.0414 0.040758 0.2392 0.10249
v 0.023533 0.024428 0.033856 0.28779 0.096154 0.10852 0.08365 0.10935 0.044767 0.021881 1 0.59013 0.26727 0.11308 0.018596 0.043746
dh 0.029715 0.02863 0.024295 0.26007 0.2431 0.091885 0.073326 0.18678 0.046857 0.028522 0.59013 1 0.36242 0.11612 0.025214 0.046832
z 0.022006 0.029981 0.034622 0.068216 0.09439 0.089246 0.044112 0.081991 0.082572 0.0414 0.26727 0.36242 1 0.2008 0.019935 0.10088
zh 0.020951 0.023224 0.02558 0.039695 0.066357 0.14281 0.024524 0.041067 0.020914 0.040758 0.11308 0.11612 0.2008 1 0.024758 0.31003
ch 0.052358 0.16599 0.11964 0.023247 0.02482 0.023034 0.050305 0.045455 0.076329 0.2392 0.018596 0.025214 0.019935 0.024758 1 0.15171
_ 0.036505 0.063439 0.078929 0.042064 0.16093 0.14166 0.031481 0.042986 0.029625 0.10249 0.043746 0.046832 0.10088 0.31003 0.15171 1
