  p b g N m n f th s sh v dh z zh ch _
p 1 0.087788 0.054069 0.013759 0.023786 0.023481 0.29056 0.084204 0.096713 0.085919 0.027545 0.032136 0.029547 0.025519 0.10653 0.069688
b 0.087788 1 0.23571 0.026682 0.090217 0.052791 0.13053 0.12899 0.044183 0.049817 0.16188 0.10972 0.052805 0.047307 0.064901 0.090096
g 0.054069 0.23571 1 0.043526 0.031146 0.047154 0.098501 0.085885 0.040979 0.056319 0.11793 0.109 0.066769 0.079181 0.0406 0.15081
N 0.013759 0.026682 0.043526 1 0.16947 0.2765 0.029974 0.023966 0.019062 0.026494 0.048856 0.035202 0.044218 0.025735 0.021493 0.025701
m 0.023786 0.090217 0.031146 0.16947 1 0.18317 0.037395 0.035714 0.013307 0.026775 0.06 0.042848 0.048176 0.026006 0.021702 0.041298
n 0.023481 0.052791 0.047154 0.2765 0.18317 1 0.031501 0.042687 0.018782 0.039431 0.075925 0.092593 0.14634 0.098972 0.034279 0.046455
f 0.29056 0.13053 0.098501 0.029974 0.037395 0.031501 1 0.31076 0.11458 0.084367 0.064838 0.047321 0.065341 0.038588 0.074594 0.086287
th 0.084204 0.12899 0.085885 0.023966 0.035714 0.042687 0.31076 1 0.191 0.12443 0.1181 0.11384 0.12792 0.062168 0.072852 0.085061
s 0.096713 0.044183 0.040979 0.019062 0.013307 0.018782 0.11458 0.191 1 0.15768 0.045806 0.02378 0.07236 0.030071 0.091157 0.072635
sh 0.085919 0.049817 0.056319 0.026494 0.026775 0.039431 0.084367 0.12443 0.15768 1 0.054054 0.028085 0.063006 0.054988 0.19801 0.1286
v 0.027545 0.16188 0.11793 0.048856 0.06 0.075925 0.064838 0.1181 0.045806 0.054054 1 0.48161 0.24434 0.12944 0.024234 0.060134
dh 0.032136 0.10972 0.109 0.035202 0.042848 0.092593 0.047321 0.11384 0.02378 0.028085 0.48161 1 0.37769 0.19932 0.018939 0.065665
z 0.029547 0.052805 0.066769 0.044218 0.048176 0.14634 0.065341 0.12792 0.07236 0.063006 0.24434 0.37769 1 0.32679 0.034236 0.065833
zh 0.025519 0.047307 0.079181 0.025735 0.026006 0.098972 0.038588 0.062168 0.030071 0.054988 0.12944 0.19932 0.32679 1 0.030324 0.15125
ch 0.10653 0.064901 0.0406 0.021493 0.021702 0.034279 0.074594 0.072852 0.091157 0.19801 0.024234 0.018939 0.034236 0.030324 1 0.25634
_ 0.069688 0.090096 0.15081 0.025701 0.041298 0.046455 0.086287 0.085061 0.072635 0.1286 0.060134 0.065665 0.065833 0.15125 0.25634 1
